0   -0.0167000   57.3500000   39.3028000
3   -0.0269189   57.3041931   39.3028000
6   -0.0494123   57.3079761   39.3028000
9   -0.0513097   57.3419460   39.3028000
12   -0.0434822   57.3250488   39.3028000
15   -0.0558424   57.2709240   39.3028000
18   -0.0749182   57.2677756   39.3028000
21   -0.0739045   57.3076505   39.3028000
24   -0.0650473   57.3064258   39.3028000
27   -0.0767138   57.2566526   39.3028000
30   -0.1023403   57.2464153   39.3028000
33   -0.1067142   57.2848640   39.3028000
36   -0.0977934   57.2866148   39.3028000
39   -0.1064080   57.2353683   39.3028000
42   -0.1277107   57.2222328   39.3028000
45   -0.1234160   57.2678684   39.3028000
48   -0.1039440   57.2855554   39.3028000
51   -0.1037921   57.2369751   39.3028000
54   -0.1273338   57.2111580   39.3028000
57   -0.1288453   57.2455770   39.3028000
60   -0.1164037   57.2606186   39.3028000
63   -0.1217393   57.2138691   39.3028000
66   -0.1481311   57.1876602   39.3028000
69   -0.1523259   57.2312734   39.3028000
72   -0.1359311   57.2701990   39.3028000
75   -0.1309734   57.2380519   39.3028000
78   -0.1499156   57.2063870   39.3028000
81   -0.1532831   57.2394419   39.3028000
84   -0.1354589   57.2753419   39.3028000
87   -0.1284551   57.2426563   39.3028000
90   -0.1443767   57.2053612   39.3028000
93   -0.1481741   57.2354502   39.3028000
96   -0.1279107   57.2754019   39.3028000
99   -0.1147279   57.2424094   39.3028000
102   -0.1316653   57.1911865   39.3028000
105   -0.1391943   57.1987311   39.3028000
108   -0.1329126   57.2245155   39.3028000
111   -0.1355107   57.1874991   39.3028000
114   -0.1627974   57.1345726   39.3028000
117   -0.1788138   57.1483440   39.3028000
120   -0.1759930   57.1963564   39.3028000
123   -0.1765994   57.1886919   39.3028000
126   -0.1942429   57.1492270   39.3028000
129   -0.2051007   57.1627352   39.3028000
132   -0.1970208   57.2070541   39.3028000
135   -0.1951461   57.1968205   39.3028000
138   -0.2087924   57.1535305   39.3028000
141   -0.2173932   57.1643135   39.3028000
144   -0.2059605   57.2139898   39.3028000
147   -0.1951375   57.2178858   39.3028000
150   -0.1991448   57.1801229   39.3028000
153   -0.2017266   57.1840928   39.3028000
156   -0.1878613   57.2251097   39.3028000
159   -0.1774433   57.2244847   39.3028000
162   -0.1843743   57.1819394   39.3028000
165   -0.1938500   57.1794445   39.3028000
168   -0.1877117   57.2195729   39.3028000
171   -0.1789616   57.2257498   39.3028000
174   -0.1846390   57.1832013   39.3028000
177   -0.1949277   57.1676923   39.3028000
180   -0.1939334   57.1918768   39.3028000
183   -0.1955180   57.1917736   39.3028000
186   -0.2109676   57.1489182   39.3028000
189   -0.2285212   57.1324075   39.3028000
192   -0.2321223   57.1609291   39.3028000
195   -0.2372401   57.1753527   39.3028000
198   -0.2506144   57.1480632   39.3028000
